7055
6268
2671
3871
2322
8709
8659
6372
4638
7389
8728
8831
1430
2855
8266
1409
644
138
3376
4463
9027
7305
2000
2640
5200
5815
8573
9070
9311
5765
1421
7778
2307
8483
2961
9398
1111
9475
5821
8377
1981
5359
818
8307
7301
2959
4349
4913
4399
3661
1335
9341
7348
3703
5671
7456
9638
4287
1487
9284
7708
4518
7121
9391
2367
4120
2407
6314
6096
5211
7507
8766
2072
2452
9418
4713
1468
8419
9911
4557
3761
5792
3629
7776
5082
9382
1103
7658
4474
7660
8279
714
1948
7692
1346
974
1767
1992
7248
2200
3782
626
4423
4106
2760
5242
8412
2279
6231
314
1182
4742
4407
9285
5869
9089
3905
7086
1920
2203
3886
4591
3350
8542
8902
6049
6708
2675
534
9379
8206
6751
4888
7904
3193
3214
2404
8921
3577
2128
4654
9080
2558
421
4424
2211
2350
3234
2069
7907
5644
3654
1181
3014
6831
9432
5700
3670
4190
8503
2604
8552
4507
2288
1776
3483
7363
9318
6790
9096
8745
7769
5009
2884
6134
8376
5535
1039
975
61
2969
9624
8352
7534
6833
8760
2028
1910
5192
3868
5944
700
6194
4269
2336
2491
9654
4973
5519
7021
9095
3585
6682
1828
7968
2253
6936
3353
7772
812
8810
1330
1264
6267
4238
6123
7505
4843
9384
5157
9275
8013
1545
3986
9445
4826
7728
1936
8452
3141
7009
9533
3727
7697
9274
5475
7366
4847
6770
130
7560
860
3188
7150
943
9938
2740
6400
7004
8817
6257
2323
6739
4686
6931
8515
3964
7886
3841
8488
254
5845
1971
9625
1347
5823
6132
3803
1441
4934
4086
8191
4336
8908
8108
1383
8063
7916
6988
288
2213
4989
456
2490
4435
1766
9450
5474
2477
4440
1607
5938
3606
9630
9520
2183
2467
6290
4702
2872
2844
3480
6078
2947
8915
3086
4819
5297
3151
4605
5190
6620
5990
9700
7770
399
3235
1986
9888
850
5829
9960
5892
7854
2940
2116
793
9787
2817
2885
8857
44
8727
4114
7521
9328
4764
622
389
7172
3583
4916
190
3274
6485
3079
2446
5454
6590
4877
2824
7026
203
5942
6002
5004
1925
227
1641
9696
4589
3307
4799
591
4178
2868
6358
2210
8634
8318
2839
3339
710
4009
612
7124
8937
3440
7625
8220
2382
1131
9397
8846
9375
789
3793
5197
5996
7486
7411
5072
5217
1445
5207
3628
6846
8194
3544
6768
1847
8333
6781
8197
6369
2130
9160
3512
4499
1787
5364
6353
6602
8371
5531
6636
762
1814
2785
6333
2270
4632
7096
9580
2595
8770
3664
8368
4284
2019
4571
6093
5848
272
1462
765
8277
7516
6607
3328
7905
3795
832
9719
113
5962
4677
1000
5280
2763
7821
9044
6825
6034
3149
9416
5863
6140
245
1211
2431
836
7481
4064
2074
6789
3563
4085
1003
3089
2185
3772
5928
242
1702
1679
1496
7145
9656
7276
2534
9677
6804
9584
6569
5362
7640
4348
4727
8868
1753
7814
4329
2202
5573
5625
9860
9937
8531
1885
3104
9388
1058
6529
3467
6851
3735
8089
9108
9969
3559
4678
1385
3226
1203
5071
7146
9500
4184
5834
9086
2081
6263
5462
2645
8537
2008
5199
4403
9165
8387
6421
5662
4300
9155
2648
8639
5859
1022
4048
80
8120
9258
3507
2897
6429
7597
3362
4113
5442
1635
1467
5600
2273
3777
7748
5418
5544
9805
9739
4125
9259
9602
5553
3746
5534
1810
5657
7895
5128
8841
8896
633
4645
1053
5145
6206
3551
4833
7479
5843
7678
3314
7190
7497
6719
8996
7817
151
3120
4996
1159
1654
8162
617
945
6721
9266
451
9264
5260
5033
4204
9425
1745
3066
8722
1613
3797
5778
7434
9025
10000
2734
9897
7292
5770
412
2856
8001
9516
521
6498
60
7205
9760
361
2948
1019
5077
3921
9898
2469
345
4450
7018
9183
1565
2811
8647
799
8858
5533
2971
8747
7206
2077
4216
5879
5513
1180
3616
2188
6406
5680
4917
9207
8491
4002
9306
7242
244
784
2123
2678
4657
4022
5044
8072
6979
3938
5166
8962
8018
8078
3295
9243
9365
9230
7287
3925
4026
5833
1973
4509
2439
8028
1904
3181
6738
807
2357
475
4013
8484
8796
9651
7046
6665
6005
8919
9430
2506
7698
5802
7321
6928
4683
6528
1079
8100
7627
575
6412
5594
4593
9875
7788
3436
6380
4679
4574
1913
2737
8288
9708
5518
9864
1164
6046
5649
8201
1213
9577
5369
8835
6858
6214
8224
774
6350
7734
8541
3812
910
1878
2871
693
3490
5193
6354
1353
447
142
1452
4528
4844
3225
1735
9556
6553
9775
2241
2400
608
1857
1540
5511
4358
2406
7680
1036
3379
192
1359
3941
7796
5263
8136
279
2416
8448
1626
3126
4296
2246
8442
2335
216
8134
1946
550
5308
1280
339
9932
9033
7209
3070
698
875
1214
1443
9866
5396
4563
7474
8457
6481
8547
8159
7132
5976
4453
182
3148
7887
320
6668
1632
2851
9968
9925
4699
8505
7331
2556
8034
5140
3428
8060
842
7484
3462
855
6711
4919
9536
2429
9130
5171
2977
4924
7330
671
6530
7108
7485
8936
8421
6182
8040
7022
4599
2
3980
7220
1915
7459
9909
3643
1505
8088
4493
845
8575
9646
6683
3861
6192
1840
9740
7793
729
2285
3311
9510
2912
9789
2778
4966
3888
650
821
4134
5081
4706
1884
6874
4950
6941
1829
3764
4570
1842
2684
8967
9224
5849
3716
9947
685
6832
6335
5366
2513
9449
6057
2603
6737
9291
7804
4347
6058
5878
4794
11
5424
3558
9921
9621
6712
3711
3866
4366
4005
9538
9750
5441
4369
9834
2692
112
5050
4006
2208
5752
9427
1524
465
1266
3642
4280
4414
295
1881
6511
7129
7215
1918
6724
4532
8149
3202
8651
1724
9076
994
6886
847
9134
3059
3449
5265
1848
9825
6125
3427
8417
5378
3499
9019
9526
4434
776
7718
9964
7239
7572
4163
9793
8635
1197
6454
1941
9403
6736
6560
9066
3612
6694
6912
5414
4428
97
5278
6342
1394
5348
5389
7226
3408
189
7122
2089
8382
2789
6881
5965
8416
1797
7552
7667
1872
9532
2728
6482
321
1620
800
5753
1769
8735
6439
4470
7896
9981
4698
5287
7510
3007
7015
9101
8248
1858
7197
1759
7415
179
8961
9926
9585
1320
2372
9688
8898
255
6487
6315
1883
6570
202
2460
1121
9454
7372
9352
3934
2906
9800
677
5504
9959
8274
9228
5839
7343
6914
7856
3514
1246
6783
3456
6767
3063
7736
6994
3170
4573
1761
7478
8628
1168
4732
8874
3152
3652
7307
4631
7107
8097
3505
663
553
1313
6785
7556
6259
7143
5691
2593
9603
4155
5552
5501
737
9933
1985
4542
9876
8325
6041
5169
9187
1396
7001
5482
4494
6830
7727
8998
8260
7945
6617
2721
3639
9790
8363
2274
5738
281
3435
6270
3648
728
7733
3843
4817
7906
1043
5035
6756
4353
5988
2050
8850
1958
9711
268
65
8789
4810
8112
9574
5467
5767
2475
854
7570
7969
8251
2609
1561
7583
7550
3524
1378
326
3134
3697
8048
2570
5793
3883
5020
2722
1133
6747
4448
795
9882
3211
8849
6010
5676
8470
8956
2764
8446
1715
2943
1001
4225
6533
5710
337
3889
290
99
5087
6774
3377
2197
6452
144
1619
7677
6242
7801
9521
5290
107
2852
7179
2937
2591
6496
6669
9026
1743
6637
9837
9785
6811
8497
1598
1839
5125
6697
6946
8535
4356
9320
6622
2141
3278
2777
4415
2615
8929
7518
8838
9276
2632
9642
204
3473
5404
8665
365
7467
1777
304
2980
1790
2301
6048
3568
5307
9350
109
5598
7811
9481
2857
8984
7085
3099
1364
804
7780
9308
5747
3154
3472
9591
779
2001
2438
8255
4167
3560
7182
1495
2493
2838
4288
7650
3707
7849
1402
2401
440
4504
2086
7279
4792
4162
8584
747
8731
1851
6970
7771
7180
4449
3858
2229
8303
8637
4129
2243
5751
9915
30
5303
3500
5704
1515
3929
3728
9005
395
2749
8095
8043
6168
6319
948
7163
6371
3800
858
8084
3006
4979
4211
2032
5129
2316
5673
6396
9170
4580
8968
5425
5931
6386
922
5294
7839
4488
9680
1045
3790
9871
5367
6700
547
6755
6753
6211
9166
3926
6587
7996
7586
6876
7579
5267
287
9293
4782
8283
6503
7328
6564
5989
4262
201
2280
6448
3318
2767
9073
4873
1255
5872
921
7194
8424
1639
538
1438
9883
7990
5909
4737
9316
9893
8655
3222
7705
8024
6855
7958
7083
1488
2371
3743
6418
7002
9252
5490
5986
2685
5954
8209
225
4333
4872
8215
5498
8631
9560
3622
8890
6671
9664
1088
5672
1867
9963
7919
5177
1398
960
510
8524
6318
29
8711
8702
7548
6917
9325
4411
5642
8247
7892
2905
4332
8561
156
4166
4338
7751
4586
6083
983
9327
9036
6990
561
4104
5760
9737
2628
2088
5516
3197
680
4271
2002
3112
7859
3615
9732
9592
64
7921
6890
5342
7519
9918
1065
3845
4986
1882
3111
6879
5311
6325
5249
5927
1604
5587
9103
1793
1656
4421
1273
3571
8652
3224
9786
8498
7295
6235
4501
9409
4932
5186
1224
2746
1456
2994
1568
7408
6978
8946
9029
5134
6902
505
9698
4055
2700
3478
7953
8803
8102
3028
1964
7995
6308
4691
6806
6687
8306
8750
1486
587
864
5605
3155
3823
9459
6102
3153
4762
3406
9395
3763
426
359
8540
7236
8437
5904
8873
9652
9922
378
7879
4965
302
181
1835
7542
9357
1093
89
4139
5737
4420
7320
1084
2877
2073
9788
39
2752
7685
19
3962
810
4808
6916
6283
6077
3788
2582
9012
648
3297
3365
8856
3834
3124
9369
7173
9919
5146
6524
5549
3110
1049
6309
564
1929
6364
8926
6586
6650
8297
5031
4023
3382
8812
3785
1891
3107
2418
4814
3191
5520
6744
7054
5539
6887
724
5272
9457
524
2049
1249
2399
2759
5712
2196
4
3683
9223
4520
4291
3991
1673
6215
2808
8023
6791
9216
1877
2076
4889
6649
5259
305
9133
7621
7265
6745
6715
386
3501
5062
750
944
7112
3906
6974
3655
9022
4652
6605
6249
1668
5769
9164
3446
9819
2909
8408
4656
7707
7504
9744
3299
7942
5923
9935
5153
5563
5040
7034
8188
2517
4938
4549
1811
7918
9151
2967
6869
2896
3098
2581
7102
1471
6484
400
582
188
8390
990
1082
4821
7920
8054
7345
1808
551
4769
8642
1564
1630
5508
8366
2771
5497
5754
6060
9470
5828
6704
2139
4314
8428
6443
5500
1754
2689
2727
1703
1990
6388
5626
92
5545
416
7130
3673
3001
2425
4967
4660
1586
7137
8008
533
3095
6982
9460
5330
3052
5419
3159
2965
1489
7473
6373
2303
548
3699
1095
2291
6981
3896
4147
7802
3994
819
1982
8762
5716
9360
7850
1659
10
598
154
1789
2276
4260
296
9426
7669
3306
8310
9582
1837
2990
3575
260
501
9057
1844
3818
2649
6689
5795
3574
7032
3223
2643
6760
7775
1114
8459
7591
4724
4842
1698
9623
2067
9660
5591
3842
4723
2796
1975
4102
406
404
5693
3594
5666
1479
8612
5912
3718
1732
1012
6964
3526
5019
5449
2497
9715
3138
6013
2078
7030
3634
7614
8129
7561
8674
6537
8693
1020
8683
4625
9869
675
5469
1638
3748
4999
3329
1070
3588
6437
3969
4648
3039
9835
9136
4972
4581
6212
614
4180
7378
3218
9451
8767
5882
8056
6836
1542
5746
9770
5107
2216
8672
4278
8015
5148
471
2626
6853
834
1030
8044
429
7390
2686
6741
1924
1623
6769
6262
234
7984
7435
4823
5043
1899
6397
7166
6648
4309
6875
2914
8343
3881
409
723
351
4771
4951
1
223
9949
9220
915
3256
9587
5873
8590
5789
2861
775
7889
7630
3981
4109
9771
1371
8353
6265
6273
3646
7191
8460
4077
5127
8243
4487
3072
9040
8075
2083
7091
2102
3942
7715
6909
6525
6505
7428
9920
1323
1979
8226
284
9431
7263
6153
5901
2383
6782
1356
7353
5930
264
5472
3603
8379
4887
4696
5677
8650
8403
4286
4433
1026
1450
7941
8649
2147
741
8587
2041
9301
923
3121
7495
1071
1028
3088
5084
5911
3792
8347
7528
1939
3289
9370
3003
6823
1185
2496
408
9128
1970
1386
2459
5977
6287
1063
7991
4019
1919
1400
3323
40
4933
2057
9852
4701
749
6808
4731
7447
2859
8341
1404
5623
6347
3677
5473
3174
6068
4508
1721
2661
2562
1243
147
5048
3217
1521
9181
8563
3757
5315
2986
9010
4305
8372
5284
904
5347
4866
8660
712
8716
5525
3838
2577
7382
2522
5457
504
6022
9859
9195
2056
9100
7636
2799
2104
2289
20
5383
7308
2485
3953
2751
2826
9729
1219
8155
2501
1591
2866
2238
4141
5975
8422
7706
3394
6920
1633
1069
5507
1845
5665
3987
7535
627
1363
2617
4054
940
1423
1508
9465
7870
1823
8339
3945
7005
6901
1315
9157
2275
7651
7427
9283
2247
7315
1139
7813
7952
9604
2262
4290
4324
8213
1996
6075
2443
6619
4426
3162
2221
9842
914
1241
7465
7076
8818
5756
8392
2956
3108
1719
2660
9841
7541
5005
4756
6750
9495
6052
3131
4858
3238
4712
4219
9900
9163
2608
3895
23
4274
5655
3917
7755
9092
8181
6113
7983
9881
7289
5253
2504
4662
5095
5481
1935
6399
4008
525
7117
4202
7655
2220
9143
5416
9683
1670
2115
558
6175
1397
5215
135
2168
2385
8489
2198
4343
4341
5058
9506
9795
441
2878
2224
8328
7211
5772
3
9970
1584
372
3688
9880
8227
403
1107
199
4191
5941
8546
499
3854
764
2827
4649
7229
1151
6842
5759
2195
6453
308
6159
871
5451
8643
6219
2952
3132
8193
5864
5327
9557
6973
4796
2707
8465
7763
8315
1420
3781
734
4345
4906
3431
4467
8166
5641
8170
536
3351
3474
6370
50
4222
3666
2588
4027
8516
7782
5877
5775
597
7416
7710
6626
5397
3821
9364
3877
9244
9488
37
992
7136
9414
8699
9288
7834
6033
5835
9297
7048
4265
7639
7798
8042
3720
91
4690
4239
2790
8020
183
5932
1727
1415
8755
7948
7527
8164
7642
8062
6828
7147
9253
3680
9784
7757
8882
3816
5046
9609
8507
7303
1770
9910
7682
6690
3144
8374
9891
6100
502
2995
1836
7440
2379
4735
2935
7066
8511
9816
6520
7943
5599
3700
6606
4945
3837
2572
8012
2261
6621
6461
8877
9504
6516
35
665
5762
9997
9494
5257
4136
159
1419
5115
3229
6546
439
4276
2011
7964
7690
8292
8842
466
4728
6670
6109
3015
9144
1230
552
6554
6517
1173
2304
2343
5392
6930
7868
5372
4100
4319
8153
1500
4774
6727
1634
641
7724
1794
1577
678
9321
1044
7432
5089
8168
294
544
1530
2356
469
6763
3352
7192
3685
7844
9041
9118
7961
6892
3723
5060
4506
6952
3034
205
8275
1376
6131
805
684
6237
9099
1902
4033
7713
3998
1188
5603
2783
5336
6337
3562
2236
1424
1105
87
8233
3520
2594
6138
3537
4517
7414
1689
8930
7831
4003
4123
2330
3653
7186
7915
437
6613
5730
8980
6872
6639
2833
6993
8103
9670
9767
5189
8995
6251
1301
719
1911
3348
743
8069
8621
3371
8276
7578
162
58
6521
6408
1749
5936
7296
7419
5268
4658
1723
6317
570
912
7169
7963
9746
9684
4601
3679
7911
9042
2287
658
4778
3243
2266
6195
1512
7600
3448
5289
7405
6896
41
1379
8814
9421
6392
5471
493
7700
7878
7714
3535
7065
8783
6092
3038
5838
86
7777
801
1351
5920
3570
8668
5324
6016
3453
6678
530
2070
7596
1154
2503
2090
3175
4918
9098
7779
252
5781
6062
513
8932
4946
2233
5417
8345
2832
1405
8133
4210
9295
3186
7686
6043
2962
8449
5483
6658
1422
4272
1418
3613
6416
4484
8171
127
9676
4185
5709
3674
115
5240
7955
7618
7280
7455
3566
5732
9477
2308
651
5370
5262
6147
7786
9469
1425
3647
7841
6497
6514
3136
4327
9572
5588
4382
3591
7810
5090
5037
6128
3909
615
5064
7487
3366
2016
6047
1519
9492
7297
1588
4439
433
7739
6330
3166
6986
4065
1526
196
3738
5707
6403
9447
7546
2927
4042
3948
1980
7402
9738
5576
1480
461
6009
6050
4923
4952
6883
4062
5994
2160
2450
3275
3194
1395
8572
434
3924
9802
1765
5891
3565
8611
3298
5647
8948
2348
830
3572
3444
2162
7564
9588
57
792
2664
1334
6225
652
2030
9315
5711
5400
7092
9255
232
8356
3856
902
1799
5279
1465
9736
1788
7924
7612
8451
7852
9649
8526
9031
8317
4643
9906
5144
8458
4232
6224
2590
3569
970
937
5275
6889
7334
6903
7291
4164
4446
787
3915
629
1112
5381
4322
6945
3610
6566
270
4057
3450
347
9256
2290
8872
6305
566
962
3529
4767
2520
9853
5026
8038
4014
4974
1157
4505
917
262
8432
8269
9611
642
1932
1535
1459
1859
9180
8145
7316
1728
9117
7791
448
217
1862
414
2417
5024
9728
4235
8527
1697
6456
2173
1369
6734
3808
4845
5410
3054
8454
7286
5780
5205
2152
1051
5978
2911
2860
4080
4246
2902
1684
131
4292
8538
6474
5763
5415
7615
3137
7551
9386
2687
420
2140
7609
7099
5987
2744
8007
4531
5555
563
740
4220
8904
4318
2021
9765
2658
1574
15
2801
5837
70
3863
8172
8289
7909
8811
3383
4579
8019
5910
1023
4177
6735
36
595
3458
3817
6114
7141
3279
4169
5972
2887
7537
1646
9496
3807
4416
6185
6468
3977
4704
7260
7536
4547
9072
4105
2946
5717
2644
5277
6124
5226
1124
6709
4949
2578
3702
4404
8781
7967
3486
5830
3187
1470
6948
7387
9413
3732
8662
3228
4708
852
8404
1852
438
5135
6303
906
2465
2862
397
4703
3641
1253
664
9614
2607
2005
7861
2363
5142
2286
783
8270
4551
3042
4791
267
3531
7311
7423
5874
9594
1661
1231
9286
9265
9980
2525
2531
7827
2555
637
7196
5527
8640
8249
2296
3210
6179
7934
9952
5870
6838
93
2921
9008
6644
333
9204
7923
5749
1880
3143
3363
7569
8876
1691
8690
5502
7823
141
7683
4030
2829
7635
2368
6028
844
2886
7445
9420
3791
9171
6688
7836
1190
9939
1469
6642
5532
5558
2193
3287
9202
4118
3668
6427
2635
8860
2009
206
853
6940
813
4486
6893
5250
9780
4492
6457
4911
5312
9747
6947
1448
4049
9250
1158
1132
6306
4375
5221
3815
4827
2381
2337
7115
3290
8705
1869
2394
6731
2654
4822
5052
3721
8397
6176
3686
1167
2538
4263
7992
4670
4717
4091
1606
1671
7386
9741
7204
4700
7175
9313
7452
7716
7080
5239
3018
5669
6577
568
7599
7159
9074
432
6014
7979
580
3517
7222
1894
2328
9326
3255
449
3043
5663
8901
6171
150
9626
2014
9215
1923
9348
1669
3557
1046
6118
571
5943
5493
8564
4577
8523
5817
7272
2277
8355
8928
9119
900
9503
3862
1648
5252
6088
4904
2561
2720
485
9132
3013
7044
933
8993
2419
2941
6181
9511
6458
9896
1068
9045
6629
9766
5773
2638
324
6166
3543
4024
6568
6787
8586
8602
435
3794
5929
4545
9826
9390
569
2006
9928
9423
742
4158
8362
3078
2530
4281
6611
2514
7749
9093
907
8723
7760
5098
9794
2925
6676
5485
5495
6558
7401
6112
2007
3103
2292
8455
197
718
578
7162
556
210
5524
4363
1850
5636
1989
5431
8320
239
3502
874
7908
3308
3058
2436
4393
7057
6793
1664
8004
2670
696
5358
5894
9013
33
6647
2821
6398
6991
9150
6937
8797
8625
6799
9380
5394
9991
5952
9
1196
3847
2843
8480
4852
2245
5766
9945
1062
8844
3972
3404
2240
3409
2810
1029
425
5175
6995
352
7973
2156
5969
3600
9612
9167
859
9385
2432
5075
5692
8319
2598
9629
5854
8947
2037
7059
9631
4325
9726
375
7424
6111
7007
3464
4753
8606
5850
8991
6815
6545
9661
887
1556
9135
5995
5269
6445
9706
2710
8393
9575
8568
1325
5138
195
1897
7011
5921
3722
745
3811
5918
8703
5282
8096
8453
7962
8399
9887
1283
579
3369
4739
9674
6359
6588
2610
7253
3665
8900
1118
5818
2899
1931
7679
8000
4745
1399
1663
8357
3518
1658
7783
2712
1998
4524
7743
3355
3887
1064
988
2300
3908
6561
9065
8169
3974
6944
5476
2129
4116
5133
643
1373
2512
6172
1597
7238
1538
3135
8241
3266
3122
8502
1781
3085
7337
8685
90
5292
5299
7230
6742
5867
5455
459
1547
5143
6996
1725
2454
3022
212
1657
6754
7061
5021
4596
7373
2972
537
2027
4868
7313
690
5583
88
4936
3272
5903
2187
6404
8447
4066
1709
2113
5105
7216
4541
1306
8645
3504
7158
6630
8597
476
5286
370
1909
8710
4208
4875
3326
9808
8124
1517
7764
2282
968
9015
2143
9829
7993
9769
5291
8462
4161
3204
1245
7233
6501
4255
5745
4750
6502
8963
6467
9339
2991
4784
5161
2190
9839
9377
3201
7761
8472
1275
9847
2507
3659
316
7687
9505
5685
688
8499
9206
9917
3755
2623
7437
8179
5948
4715
5066
1934
2219
1652
7310
4310
5689
9944
1033
8603
1651
7912
5684
4195
634
4779
9527
4234
3932
369
6646
5819
9402
238
898
9146
8150
6816
100
6144
606
7664
6507
8913
703
8654
6362
3398
5251
1411
3466
9668
5206
6433
2536
9003
8576
909
6243
5494
4359
4061
3765
1533
7702
6222
2029
7732
7646
4041
2390
6604
2334
6042
8326
6888
2702
5575
2957
3950
5334
7142
8258
78
6880
2889
4606
2339
5844
8344
2376
4840
4256
9645
1403
6129
8588
5204
7024
3361
9643
8763
5852
1299
4476
443
2148
3221
6071
193
3608
9104
4651
7324
9694
8204
5566
7258
9772
7965
6311
7410
7673
6954
827
6572
2934
1722
4313
7138
2725
2798
5624
2433
6414
2546
828
220
9419
2249
2620
654
9020
8790
5456
8517
6813
843
132
8756
1650
8895
6007
481
9141
4886
8263
6575
1293
1269
9169
7656
8240
1734
1286
9399
7989
3503
9208
153
3215
2365
3092
1575
1710
1431
446
5900
2422
6321
3271
55
2656
4317
5158
6209
8726
1428
7231
6440
8510
4432
8721
8476
413
6983
6547
7087
3142
7970
726
6191
9666
3036
7840
1825
9884
8011
7855
3386
7201
2223
9367
9811
6681
5847
6531
453
2879
7711
360
7789
6465
6865
4127
9759
2667
4247
6967
2361
2586
4653
7380
7284
9849
3714
4174
7
9567
8490
111
9273
6913
3691
4533
2047
1914
6600
3425
4207
8085
1216
3943
9992
5569
2242
7081
1511
289
7837
9655
5687
7805
1943
4495
6894
689
5305
5846
8957
8580
7558
7540
6297
3129
1298
9310
7049
3713
1888
5861
9724
1209
9406
856
2448
9593
9331
8879
1813
8143
4995
3930
4294
9908
1367
7234
6592
9225
6180
7131
7160
4622
3195
8834
9659
2326
4466
1531
1587
7352
8425
9153
1172
1220
69
1152
2121
9085
1170
307
7271
7842
3671
9758
763
8852
9161
246
4374
5168
4228
9616
5003
4311
4376
3123
2165
1589
6866
6680
3796
5232
6526
4193
145
3460
5321
4217
6082
8081
872
2743
222
1497
4464
3506
4864
7224
9280
7982
4438
6849
2993
8029
3128
5113
6582
9836
3662
96
8087
7199
2955
4335
785
9874
3902
7944
5386
5945
3203
1853
3758
649
7574
9121
4669
6332
1771
3429
7359
3317
1600
7461
3219
9351
1138
5276
2816
4609
7766
9596
4838
9222
8785
8661
1860
4590
355
6971
4611
4304
2651
739
2575
3607
2657
3587
716
679
6506
467
402
913
4459
3220
3439
3005
110
2597
8285
8847
2805
7525
1128
1393
6885
2146
2374
191
2630
1890
8104
3327
5448
3032
3555
9695
4944
2528
6544
3114
1235
1999
4253
5450
2359
2234
758
4726
6555
9004
3914
4908
7526
3920
2842
2984
4090
2908
7213
6812
4391
4182
6135
3281
6161
1354
5725
3212
7368
9803
1368
7873
7858
4115
5565
6160
5191
3322
7020
8173
3750
9317
1631
969
748
7871
3971
118
6442
7450
237
5301
5237
935
2112
4150
436
2693
8035
3708
5422
4156
8787
1104
5526
5667
3027
247
4675
7351
1576
4610
3737
5933
7290
8230
2631
3819
8809
3832
8309
7623
2096
8718
6580
5149
22
4469
1136
8924
5353
5810
2478
3097
3798
103
908
4743
8439
2396
6340
3491
7888
4334
620
7161
59
1141
8805
5443
9094
4746
520
1408
7533
9658
7998
3660
9697
4928
442
1145
8887
7880
3106
4970
7633
200
383
6157
5592
2903
5167
7283
6956
782
9354
8137
6684
7997
1237
2255
7785
2711
611
4684
8774
4714
2122
9037
362
3033
7072
3246
8271
1042
5862
6001
2163
274
8202
4076
5184
9227
9272
4094
4836
2010
8851
8323
6246
9806
8058
1868
6376
5794
5151
2958
7981
6595
9682
5374
3875
9260
4925
1550
6026
3305
4511
3979
2318
1821
214
9048
8286
1198
38
3380
7322
6907
6164
9394
7167
540
4372
3901
3026
2518
6155
187
7273
348
8657
8878
9754
2087
1217
6269
8002
4729
5523
9302
331
3715
9172
8784
1177
3684
5225
8942
9307
8402
9091
221
9627
5124
880
959
5683
6579
2228
228
5856
9050
6871
851
2519
7637
8322
8059
4351
8793
2750
965
2124
9049
8715
6035
1305
1484
1628
7750
8496
6104
9212
5015
8764
125
4666
7050
5654
1930
5331
6857
9929
8532
1361
5198
9518
5546
6802
7298
1466
9372
3497
4214
4828
411
6513
7384
4098
2434
8753
2919
5298
6701
3239
5656
1527
2135
2093
9857
7106
2571
3471
7369
5150
4776
8845
6494
3017
1988
8121
824
9017
7444
2794
5679
4664
7565
8481
947
6294
5489
3984
7846
6130
3056
6725
6661
6864
971
8407
7300
8176
9456
2100
7950
4667
9693
1740
9474
2254
1011
1490
2731
9188
7531
2018
8691
3438
3995
2020
4851
2566
5314
5521
5514
5612
3951
6499
5776
2237
4316
9982
1031
868
3525
4201
1295
7877
9455
7607
2580
803
2058
3754
5036
4624
7312
3672
9743
7649
2892
9111
3023
2542
5697
7052
6366
1831
4218
3913
1322
5316
6336
5460
6286
4081
9863
865
5832
6488
4475
7971
5967
2547
7709
8163
318
2068
2502
1928
6627
215
5466
2387
4277
219
3927
6106
1169
7696
5788
6279
3903
7917
9452
3801
6378
4539
8473
1199
656
4051
7188
9415
4559
4876
7738
2858
7493
3119
381
4122
7576
7543
8348
6462
8689
2232
5310
4525
1800
5785
7354
1976
8720
9781
5486
4221
1760
3414
366
2410
5179
823
8779
6320
9814
4554
8113
8771
1541
7468
4561
8165
2205
9640
9796
2251
1161
791
755
3423
6240
5621
1389
715
282
609
4342
2840
5590
186
2324
9472
5736
4641
8646
9812
2107
4020
5940
8941
5503
9238
4515
5881
1096
4897
1493
9333
2713
5109
5335
8256
8979
1238
557
6717
9114
5997
877
2354
1355
2974
9028
1317
4705
2252
9524
4568
1454
5001
2192
6926
4000
2349
3392
4522
6252
1059
8837
8242
2466
5487
9249
226
7393
4047
9735
2461
2184
1756
5209
7113
1142
3342
6810
5562
6536
8
2544
1384
8816
7210
2329
5896
4365
4157
7139
978
8981
7421
7333
645
3101
398
9512
5011
1482
310
5893
4230
5971
3605
3936
8053
8853
7016
1518
8132
9436
9428
343
8463
699
9607
2979
3284
5387
9564
506
8070
5537
6862
3240
6395
8041
5079
5875
1892
8064
6284
1380
8014
4192
3682
2706
535
7797
5102
3335
3778
985
5670
7514
7109
350
2377
9509
4772
5433
161
2834
7441
218
8848
2830
2529
4442
4655
6759
9731
8757
9827
5908
1179
332
5333
3601
5304
8147
3880
9855
8383
8430
4529
4140
9335
394
13
8140
1035
240
3012
6591
3291
3710
546
1160
2150
503
511
7249
1274
8958
8712
5538
5885
9231
1475
788
7017
4340
8826
1008
5595
7874
3923
6976
9446
8426
8190
43
486
8506
9583
472
9106
9498
4097
9522
2985
2951
9300
2226
846
6653
2317
6379
2044
1362
8679
5248
7246
7431
8082
1582
1675
6241
1603
2622
6282
4695
2669
2306
6360
5728
8792
6723
7829
3860
1843
363
2869
8212
5992
5038
5597
2718
3310
9672
2779
9791
3157
4523
3069
6713
7460
1552
8118
3676
5054
7364
4621
6685
5629
8148
7833
6651
4148
2988
1855
7806
7031
6699
4785
2048
797
2673
7800
8923
6748
3391
8910
258
7864
8992
3470
9355
9648
2302
7118
1276
5855
3261
7453
9913
7768
4659
8828
9553
354
7517
3313
6146
8571
3393
869
2489
3813
9976
3145
8706
861
1614
5581
1667
3485
4937
1300
2981
8741
8883
6955
5010
6470
602
8294
84
230
9148
5805
1106
1061
4831
5968
1100
897
1453
3825
669
2772
4233
1326
1183
5317
4293
5496
1693
9782
4007
2668
7735
6640
5740
4227
4883
5616
9190
4954
1816
1135
9018
8214
4035
2864
1854
9975
3975
2176
9123
2235
9730
5784
54
7282
5080
7681
1963
8429
4582
3967
9763
8302
9820
2845
7100
5216
6552
4441
4961
672
5212
8907
7557
7285
9703
5053
4124
1864
2774
1083
6911
623
4237
1966
9689
9097
8836
8593
12
3257
129
2447
2904
1907
9064
7506
1786
278
8183
2880
5983
5223
4297
1876
9821
8608
269
7458
9404
638
473
721
8200
3477
1962
5029
982
5283
4765
4687
9290
1677
5957
7580
3008
3494
8544
4384
9168
6610
7336
8530
1681
4279
114
8616
2730
3988
6559
7966
6074
9127
5620
6472
3093
2758
3751
6918
3387
9861
101
3538
9493
5390
2437
9361
2552
8232
4891
1720
9356
5577
4663
5293
3412
2545
4820
1242
7240
890
4251
5343
423
117
3522
5243
542
8174
5349
8717
6322
8192
4240
2524
736
1248
3939
338
6004
5023
9718
8698
8411
3430
236
158
9942
5034
1344
8704
8508
341
1357
5814
1342
6778
6202
81
3960
8938
5126
4153
5713
9429
4805
6446
1222
7429
6477
9411
826
6631
2110
954
1184
6250
8909
3334
1549
7571
8415
3804
4266
1922
5947
3530
8684
686
6491
7094
4498
4607
9304
7214
9185
3657
7863
3283
8141
6861
265
1579
3976
4401
4458
6959
5868
7449
2786
7385
9177
6705
4058
7898
3463
8807
4722
3164
3573
3416
9102
8244
6598
7350
3216
9961
4451
5427
454
8821
8931
3011
2169
6489
5379
9613
7956
5391
4575
1827
5360
1054
2065
694
2652
6702
5917
8228
5840
2331
6098
6122
9531
9818
3822
613
1412
4738
4629
2748
8667
7218
2310
5568
6548
709
6080
7462
4412
2151
8305
5906
9761
1478
2704
9690
5103
7089
4229
9138
5230
8725
1927
2137
2619
4955
4644
9804
9895
5506
5661
4364
9581
6797
1387
5222
5963
8982
5981
766
384
2206
6040
5319
6522
7425
1824
6148
4921
817
160
9358
3375
9435
5042
1290
6105
9196
427
2797
4639
8441
4034
8615
8127
2298
8534
1615
7269
8675
7671
5057
1758
8832
5165
9752
309
3405
9197
9934
9974
6659
2118
4472
1148
2634
3273
4088
9751
7469
2384
8130
7701
9990
9061
9681
3633
6469
1327
9622
3814
1801
3709
5718
5188
5131
6666
1492
5013
431
2445
3062
2694
4199
4455
3542
6027
3541
1571
9296
9319
9079
7153
9565
4943
1297
7208
3704
53
7648
8468
9663
4536
1819
9977
6672
9126
4637
9263
636
6363
4144
6938
4988
7075
3521
5574
1959
5701
4793
4544
3082
3262
1666
5984
1155
5074
4948
266
2264
5974
5045
8742
7611
385
3294
5797
62
4758
8006
2133
702
8450
8943
4331
9956
6908
5827
4992
585
955
6732
7985
4392
5966
876
3010
768
1655
6424
5385
9702
4480
1304
2942
28
2526
928
8386
7376
5726
7177
8737
5273
673
6162
6226
8734
5
532
6434
3415
2813
3698
8752
3370
6801
9600
5187
7436
6541
21
1444
6296
8562
4942
4882
9023
8494
6891
9200
7119
9955
7325
2587
1481
6565
6878
6419
2576
5491
1560
2495
9830
6519
2248
8748
5141
6966
9669
4569
6515
4224
2982
5078
1618
8079
2297
5998
6099
4473
8433
4503
7663
6984
5905
417
5440
7949
1997
8117
5615
8380
66
7243
9182
9705
8385
1773
6025
5480
873
938
3892
5104
2625
6633
9515
7244
7815
7008
7006
6827
4975
1705
2954
373
1957
5302
5116
9691
7381
6375
2523
8314
3254
4672
2259
572
5159
4196
2653
7587
5919
6924
7848
7668
319
5831
7662
2836
1483
7588
9822
9832
3109
9075
7740
7483
1129
9962
7890
5722
9725
2313
5955
8801
8557
5907
583
5018
6693
1783
4425
7695
8917
831
7472
5630
4881
1200
8569
3809
8259
8558
8578
9907
6039
6532
5180
1265
5865
5757
5016
8031
9303
5295
2792
1229
2380
2665
6777
2342
3540
2515
8061
3944
4119
1337
4073
4301
7344
2963
3487
8335
1974
9176
8456
7684
9021
1463
7103
4154
6139
8973
6221
6571
7957
2321
2155
4176
7631
492
8332
4583
1233
1503
6859
2549
7391
8080
4074
2888
1640
6868
6987
1432
5238
8199
6151
6387
7318
1812
661
1984
5596
7412
6798
1102
2688
8203
1595
121
1572
2505
5436
2803
6923
9490
9489
2629
8094
489
4685
2705
2924
7111
4419
8160
8743
8692
2052
9479
7773
7101
7277
7584
4194
3265
2680
6562
1439
3937
9722
5114
3345
2451
6780
9376
5993
7093
5727
105
2870
5352
6788
760
977
2854
8681
4138
7013
4254
2828
3493
581
8677
1731
5522
6679
4898
5439
6383
957
4398
6943
2850
4552
8751
5067
3954
6178
4759
7741
5300
3325
7927
735
9548
3237
6116
3835
1041
2059
9124
5536
4354
148
4775
2898
621
7947
6324
1779
3105
1792
2579
2440
9139
705
3859
4978
2936
415
8021
7317
4755
725
5025
1251
9601
9443
7299
7466
9090
9546
8350
1435
4548
6623
1226
330
6718
152
9988
523
207
1796
7499
1302
1895
24
4516
3769
6820
7470
2066
3417
1311
5398
5816
2599
7302
6280
9899
3424
7914
3836
3528
7752
7795
6773
3341
3337
1072
6197
5706
1007
5924
7581
8359
8017
2366
5006
1206
9798
5428
3599
7876
4612
2535
2837
7538
3592
8633
5446
4920
554
4668
9309
5958
4987
1558
632
8111
4804
9279
8487
2055
8225
3117
607
7866
7932
470
6137
3831
9530
3867
9107
5356
1279
8099
8632
9059
9337
9851
3617
4447
3045
4757
7972
5195
8308
8778
1865
5176
4183
7170
3000
7559
3116
6094
7820
1694
3771
4471
1637
1969
6054
6980
9950
8299
8749
3753
8427
5403
3706
4976
2126
9175
4245
926
6740
6143
4661
7730
7744
8520
3949
3094
8567
4912
3724
9778
3482
2679
1718
140
833
527
2510
9417
3140
3031
8106
4346
9673
2061
3354
5584
9590
840
2784
9965
4760
9716
7144
3961
4259
6295
9850
8485
7067
6932
7400
2145
9294
2230
3250
4452
3200
9349
235
7936
8730
2332
7000
8989
7326
6323
986
9712
8436
143
9221
3626
4603
3206
8622
3840
7547
2708
5271
4994
8863
9566
9986
5162
1485
7524
4957
6017
4270
7426
2539
3828
3349
2736
4801
9371
4538
5185
8559
2825
7023
4578
5884
9247
1622
4595
4258
8886
3623
3244
2639
9633
2430
1416
4388
4747
1509
9229
6095
6274
4761
9563
2026
4491
7885
9551
18
8638
4600
3163
9608
2500
9605
8862
2600
3475
6244
1205
7567
4068
4128
6612
6625
5804
8423
297
2231
5812
8027
73
3966
6275
6256
838
1140
6059
958
3009
346
7613
4383
6450
4500
2498
8686
1539
1329
3578
7379
3319
2453
4257
2397
2378
9873
172
9299
9237
418
5659
6367
5452
7128
3083
1150
1192
7563
4357
8970
6596
8830
9541
5097
4619
6031
2541
1908
8010
9473
870
6841
5708
8641
116
163
2739
5306
3048
9312
5960
6402
8221
4181
4798
3752
4588
4830
6385
2494
292
3912
2873
5731
3252
5395
6775
6673
8474
9714
7237
231
45
5999
522
6223
9989
7417
1087
3461
9879
6899
9755
5646
9576
4773
1642
2161
4543
4587
949
6389
1730
798
8971
5628
4985
6255
9052
1186
1806
8519
9487
899
1075
5547
194
8114
771
6425
139
2362
3618
5219
8440
9797
2863
9723
8802
4890
9006
7073
5705
8324
1621
5063
9060
3452
9016
6312
1332
4079
9191
9332
2138
4454
3113
2012
4777
720
5208
4017
8614
6538
3347
6726
9889
9210
4121
8974
4112
1780
5119
5340
528
7608
6304
8624
3465
7413
6703
9011
1952
4130
6567
2395
4413
3513
5743
8965
7575
662
7346
9140
2970
9112
3182
8889
7446
1464
3849
7365
2627
3389
5586
1544
5173
1388
396
5244
4249
1406
119
5803
3973
5543
2225
6432
4408
8373
839
1316
9983
3852
8733
9245
2574
7278
4909
8925
2714
7140
444
1528
5787
5783
584
9246
829
8509
9232
1027
8401
3390
706
594
1340
4445
5073
7853
3004
7704
6055
6064
7257
6779
9833
7675
2177
2103
1949
1791
2602
4513
2293
8501
9242
3413
2701
4396
7355
3547
7566
2540
4895
7765
2327
7501
1457
549
2987
2022
4553
6355
3830
5438
5801
5735
6011
8482
8867
8478
8669
2802
7882
1523
3658
8364
7652
8893
498
349
5886
1861
8555
3897
8626
5729
925
3602
4811
8822
9240
3292
8522
6950
3911
3776
2463
8208
8109
5761
2358
3071
1147
3515
9892
5318
1348
5622
496
701
1281
5100
2585
4861
3293
4869
7857
9994
2423
4567
4860
3997
1321
6968
2109
4083
7266
3744
3496
8678
4558
8210
3315
5652
6346
5791
7986
5961
6674
8389
7720
6108
3443
529
1901
5871
4273
1074
2487
3285
2696
5178
2553
5371
48
1427
5229
9110
3030
5027
655
4465
3990
6898
8840
3645
9424
6845
8123
4537
3280
3730
631
8829
7745
3373
9579
9685
7399
4010
4295
6177
1144
2823
3489
2537
4323
6814
4971
4380
4093
5694
7036
7184
34
1117
727
8157
5002
4983
1863
4562
1258
8354
816
5285
8336
6374
7693
8566
7082
2766
5858
3957
263
7056
8859
9381
5529
7672
104
500
2508
3965
4832
5344
9219
7396
934
7632
5949
6962
8582
8351
9453
6184
7207
4901
8434
4857
2164
5339
3231
6447
4969
2882
802
7641
1898
3454
8769
1268
5510
7256
516
9468
6086
7628
1849
7851
4461
7219
5411
8257
1215
8581
8337
2166
8994
9628
4146
1187
6205
3846
7601
6643
3227
628
2207
8607
4370
8246
52
1314
401
8663
1629
1688
95
6065
392
8125
6821
4203
4082
4011
8933
3340
9412
7893
7148
8554
9984
5432
209
4813
3826
1109
1672
8794
1818
1993
6543
7860
9039
291
8477
9927
7595
3247
8469
5059
1712
919
8560
1336
2703
3534
5155
862
1879
1110
494
4482
6675
6218
72
257
5698
7522
3248
5682
6015
8754
7475
1826
8884
9462
866
8697
2181
6998
5618
9862
7822
9269
3002
7127
4001
7251
9783
478
6101
7202
9338
7105
9653
4560
7060
4060
753
6213
1360
9298
82
7492
5557
9544
4998
1137
6207
3879
6343
9014
5408
3767
8065
1832
2040
4099
5853
6228
1037
2616
7438
8610
1477
136
3258
2278
7155
7362
5152
5039
8589
7753
660
6382
2761
9958
464
8975
3087
8920
9686
6154
7762
5866
4282
8843
3269
9236
3118
2756
108
8180
1474
2717
8574
8245
1318
1287
5111
178
6867
4707
849
3447
4431
1309
5325
8820
3198
3956
4490
3820
905
8003
8786
9043
4962
9978
8791
8951
1567
2174
2117
6084
1090
7019
7409
7043
7582
5296
9717
3864
293
4521
1592
1494
6426
9777
3509
1612
1983
8151
7799
2999
8990
4078
1617
8676
2814
697
31
1410
450
8780
6067
7212
128
5479
3619
2214
6771
9823
6201
6919
9710
2209
6464
9476
4283
9268
6091
8719
2944
133
9478
280
5902
5261
2464
3359
9998
3508
9162
9675
911
7062
312
1912
3208
5203
2762
9844
8156
5255
167
2698
1366
4585
8823
1333
8738
2812
5934
761
1284
2360
929
8236
3827
8068
3604
8443
2867
5346
7845
4189
1017
6431
9038
6451
1171
8777
7774
1905
6334
8066
691
2484
5570
3985
2973
674
4510
6539
6394
4960
9159
5174
3611
5323
7342
4029
815
7787
659
8906
8800
4059
2386
2768
102
3403
2755
1067
1165
276
8609
3064
1055
6989
4935
6953
2592
4171
1940
5610
325
306
9552
7174
7946
6614
5771
1955
7512
8916
6852
730
2983
3624
5022
4321
9345
9619
3533
857
7703
6641
5236
410
8596
1695
4032
9267
7894
7125
9824
6746
2101
6073
8869
3593
3357
6594
5220
6942
1563
6061
4427
4797
7634
2025
7110
4095
213
5748
8799
6949
5420
4856
2364
335
4422
185
6239
6743
3168
5702
8410
4039
1207
1804
2222
7038
4849
1716
9831
4371
9886
7513
3196
1653
3177
6873
7935
4131
243
6500
3597
7900
6141
7341
3057
1554
6381
3368
9120
6000
6348
1382
8911
1870
8891
4117
2998
9762
3931
1945
4733
3556
7040
2320
1627
5811
123
1085
7064
9001
1032
2791
4930
6997
1871
2822
9156
2172
573
3802
3882
9491
3561
8291
2695
976
3900
391
5925
3582
1954
8280
2989
4752
1960
6656
3364
3850
8513
7619
4111
2060
878
7670
7476
2305
6326
9400
6935
4045
5741
6023
7489
4781
7590
7872
1307
6006
2674
5241
1965
4397
2373
6480
6667
5554
4896
6232
7978
1921
3885
7554
5000
6110
3770
4718
4072
5354
253
6167
3726
2554
5836
2398
6761
8016
7980
6884
8579
7193
6492
773
2890
2596
8922
6578
3488
1247
1601
5139
7261
8865
5822
1708
6939
1896
2742
9525
593
7250
4870
2075
9993
9278
6563
7816
5156
8388
4618
9733
4716
9559
8413
8237
3176
6107
5421
936
9568
7645
5376
6329
3851
4410
8365
3259
777
4110
4213
6692
9362
2641
676
3519
8444
241
3167
6410
2411
6087
7217
340
5809
9687
4977
7042
468
5964
4783
1968
733
5634
7491
1590
7151
1004
49
814
4409
6722
3179
4344
8420
407
5096
5515
9410
4377
7602
7338
973
5888
6624
42
2831
3784
4839
1994
4634
1516
4725
2511
3288
778
328
4871
2916
3495
3539
4205
175
8700
9979
7041
9930
8098
5106
3774
7047
4615
619
3935
8187
4671
480
7502
1092
9463
4496
6835
9115
4815
4028
1886
1507
2996
4179
9586
9448
509
76
6860
657
1047
1833
2636
5640
4197
3696
4025
8782
6615
9606
2414
1815
1737
6420
1312
1080
2683
8211
3209
7288
5375
3388
9374
2486
2043
5429
3749
3346
4402
5895
3855
7135
2691
491
895
9885
8142
5076
4633
9084
1193
5613
1024
4848
8030
2311
5651
6593
3993
8918
8282
25
1476
518
4075
7477
1365
2294
6803
5808
4748
4968
1077
5650
4910
1099
3301
6415
4900
4627
6393
8759
5445
5328
646
2950
4087
6264
4360
7164
1208
9562
8495
624
155
3554
2157
6220
4902
4846
6549
8658
168
8935
4788
1537
7721
8553
3739
1240
918
6338
1262
5181
8321
1296
1433
2170
1580
3037
2853
9999
5633
68
1153
8375
8666
5739
884
7451
5118
6444
122
1491
3378
2017
1108
5764
8539
9062
1555
5695
6248
2548
4355
6258
8864
9595
2637
3115
5470
6391
2167
3687
8708
1461
6597
6341
825
9439
3333
4874
7281
2258
5723
4252
9497
8073
1866
4841
17
3303
2913
9501
808
2781
1291
3768
8944
3084
2915
6585
4993
2004
6183
7960
562
6819
8623
7624
7654
9192
6826
6230
94
2024
7274
8617
7104
9054
9082
5112
6616
5247
5937
5786
3300
8866
8122
1782
4709
514
769
2194
7725
3893
8839
1310
5051
313
7225
7832
6411
6609
2509
4137
2992
5061
26
2662
6809
4630
8977
4145
3331
2051
2939
7747
4067
8695
4437
2346
6170
5388
4915
5578
8052
993
4584
4289
6187
6278
8378
1525
4206
7694
5703
5585
1407
744
4307
1714
419
515
4689
9071
6784
4734
5245
7883
6863
3437
7088
3694
6217
3650
4789
9305
6556
924
8051
5337
8311
5643
4089
5571
5790
5164
7731
474
3766
134
5842
4673
2340
3019
4468
9799
6762
3165
8268
7500
6925
8101
9344
6478
630
7058
7422
4694
9105
353
9764
3916
1343
9987
1609
2257
1194
8492
2788
4650
9081
3185
1644
8972
2589
5690
4173
576
1212
9078
4953
2269
2442
653
9405
4395
6977
1687
2314
1352
1210
4132
3695
1611
2893
2136
3810
8833
9678
51
4894
5699
5637
5218
3245
6818
3320
5777
7168
8653
4069
4555
5696
6800
2473
8138
1937
8604
1685
8855
950
9810
1005
7406
7699
7931
7954
1566
9941
8033
1750
7657
8036
4361
1091
2281
1451
885
5070
303
4215
2624
9239
5136
5373
259
7259
9083
681
3232
5326
8500
5228
7293
1225
9209
2938
4406
9709
7881
283
6345
668
7442
1874
9485
717
3455
7404
8964
6455
5214
8999
379
996
208
7994
1578
966
2481
7729
7828
5459
6999
14
9699
2533
1513
6581
8076
3844
2650
7717
6608
3421
574
301
7891
8330
901
8128
8196
271
4692
3441
2352
4604
2468
6691
4880
1156
8888
2733
4084
2819
738
2633
1201
5660
9657
5542
3268
4126
8795
8813
2820
2677
1803
1288
2968
2409
1116
6189
9482
6352
5627
2186
4594
4565
7095
75
9334
7294
9442
170
881
7807
1338
4040
7227
3620
3933
9679
6142
7661
2153
9125
7930
6933
8664
2753
146
883
9000
2567
5409
2201
8252
5734
2424
1977
5517
3567
3049
7792
6174
5668
4092
4400
4963
3787
8701
8545
4071
6361
3469
7241
2309
1204
4550
5444
2134
4642
3396
3420
2605
2097
9707
277
7252
323
5068
5130
1680
3731
9971
7659
4264
8630
8177
9007
285
1449
8945
9251
2125
3581
2976
6632
1236
2062
7901
1726
2775
4394
4021
4367
7403
967
4250
2079
8776
9858
9972
1010
889
4850
4879
5572
3527
157
1755
166
9856
2573
463
9077
7666
8960
1903
9555
1602
1319
3549
6463
9639
3532
4535
1446
1392
5926
984
4812
6657
6557
3983
6508
9618
2881
479
1700
4462
5341
1873
8092
1953
8093
5160
8880
8983
9407
5883
9067
2114
8445
1018
6706
1086
9257
4135
4103
1391
2565
3584
3783
3309
3982
8316
1038
6115
8300
6422
2804
5980
9617
4816
5614
2482
5898
708
7375
8687
6795
3468
4159
8119
8740
9692
3410
1838
2333
8656
2435
1504
9901
5551
8514
3344
8234
3870
380
8788
7454
7830
422
4546
5607
3579
184
7068
7232
2682
9226
4929
9561
7553
2132
8714
8312
7361
4320
6003
4457
1683
4907
3614
1987
4824
7090
6029
2835
4787
3061
8736
7523
3760
5435
670
596
3848
1191
2106
7826
2039
9570
7862
3890
8438
2036
4133
5820
6764
2260
8047
2907
1178
1822
1358
4614
1520
8235
5561
6599
8195
4803
1272
7051
8022
3970
5922
7647
4741
7511
5313
8340
1473
8229
3637
3041
2142
9704
9281
7676
7329
1119
6210
5721
4443
6922
3717
7835
7940
8327
8026
8912
1798
8954
9523
9807
8627
1583
2250
5069
9340
2189
3251
2144
3946
7070
7938
9923
8107
4806
9444
1143
6299
4862
8599
4012
7490
6475
1752
8577
526
8039
1390
1271
1101
7340
2035
8254
2569
809
822
4800
251
757
3576
2557
3183
5235
2084
7267
7358
4730
9198
4572
9063
3833
1649
7929
6603
559
3419
7028
5468
7620
4636
8435
3267
882
6254
1916
9145
3158
7133
3233
3407
600
1605
8083
3091
9142
3426
942
1434
6510
3065
4209
8871
9904
4940
7568
8071
4044
5132
3786
9035
9324
6407
891
9610
4751
8182
2917
6584
2392
9502
6409
8758
7245
8629
273
9373
6435
2218
8696
6493
7723
2319
6285
3242
4959
8146
2690
4665
9218
5224
9184
7902
3336
3171
3102
4016
9537
1040
3399
6193
9131
7176
2757
3411
2023
2182
3963
9330
7374
9599
6204
1830
8985
5824
8966
67
1097
682
4682
4236
3180
4175
5567
2191
5979
1223
7037
2171
4241
6848
6473
8293
8729
1570
6550
7433
171
4444
956
7394
9813
953
6483
4328
5887
3047
1757
2618
3067
4697
5897
9513
5512
7157
8115
6298
6357
8358
9571
5065
4790
6196
5916
2131
4892
7392
8761
2729
8688
7754
2420
8987
9995
6618
7622
8185
2960
428
3625
5946
5049
9903
8152
848
8504
6390
8583
2809
6765
4312
6992
1401
2212
5170
5589
2676
1625
4719
6097
6405
7592
635
7603
8216
1559
9650
3035
7759
2476
6310
7084
7370
32
8295
2375
7463
9461
2471
8090
5231
2098
8927
3992
9137
6655
3712
5484
8914
8361
5345
8219
8636
376
5611
7824
4602
8475
4315
9846
6574
2444
3316
3741
4056
198
4990
7515
4829
8217
1162
5664
3663
3876
9809
867
2614
233
2031
387
8074
7187
6085
1951
1807
6163
4483
1546
8126
6839
334
2642
7388
424
8598
892
8854
5194
5617
9644
3853
6905
9053
6965
7323
9211
6188
7165
3358
6927
1608
8329
3230
6271
5950
7471
2283
3286
4143
4991
3360
176
3947
9287
1682
7123
4036
1414
124
781
2818
4477
8825
1900
4242
137
342
3044
8394
5688
6720
6583
932
9389
2415
752
6384
6459
6313
1149
5355
8250
6900
7306
9058
7200
7529
972
1175
8746
4681
1002
2427
8262
601
8086
8207
4018
5609
5377
5461
3484
4046
6
3402
9779
7803
961
7448
4149
5402
7959
6291
3989
4267
4004
9154
3418
7689
1676
2583
3725
7488
7314
507
2105
27
462
3548
5434
3343
1942
9547
3451
2732
9009
3432
3878
9985
2479
4754
3894
2393
7933
6012
7604
695
2568
4676
7195
5582
7268
9173
1174
487
71
4964
9055
4231
6504
7221
1060
7629
390
2064
639
3260
7910
3264
8218
2563
1711
6929
3330
8231
7171
2874
9464
4390
1025
3236
7626
3397
6356
7134
2806
8815
7722
382
7544
6882
2325
6441
1134
9776
1553
174
2847
6698
9620
1308
964
367
7520
9597
5635
5399
837
3020
5686
5458
2780
9233
3873
6635
2611
2370
3433
275
5956
6307
9878
9480
1995
6127
1762
8334
7737
589
6958
4368
2920
5604
7149
3884
5488
4385
6829
8773
9088
3068
6817
616
7925
2175
6716
5202
4608
3609
4037
6234
1166
4031
5091
6351
6417
356
6479
3060
9867
180
2312
939
1252
5147
6331
7045
7617
6158
9467
6847
806
5117
2244
6707
3073
1696
863
8952
9234
3080
539
5163
8682
8775
9838
3130
1263
1331
1522
9149
3025
7464
5357
5270
3667
5032
364
8528
483
8135
5720
173
9529
5632
6165
3050
7223
6368
5014
5645
7035
8131
9366
8618
9466
4248
1569
6972
9573
2085
4303
3492
835
6695
1805
991
7573
1350
9235
2388
4381
5172
1254
6772
6686
6540
7254
405
1502
2091
4628
5437
8167
2923
894
6423
8885
5137
3891
8284
2655
8548
5724
5653
8391
7270
5631
5540
9615
4530
9068
3692
5320
8955
946
4865
5890
2521
6576
4142
7808
4456
6401
9774
3374
8671
3263
9030
6985
256
1956
4050
6208
3055
8205
2931
1802
987
9383
8798
2455
2256
1123
2964
249
2564
6730
3596
7794
7643
8892
3636
1228
2063
3173
2747
2492
3978
5548
3799
8819
7922
8592
8331
2045
9701
1707
5101
377
3511
4198
1195
7987
7951
6466
2697
5213
6822
4187
3367
4693
1938
9517
1636
1510
4926
1647
3401
5681
455
7262
8471
5750
7843
8648
6245
1610
7347
2413
7480
7235
9756
6904
9801
4223
5774
3184
7509
927
2787
5648
2458
8644
3172
7304
9877
8732
4389
1775
9254
9408
4720
5477
3021
2945
6145
3733
9973
7790
9637
9152
4997
2034
1094
5841
2295
7688
5860
6471
4556
2013
7937
9205
3552
4947
6428
5012
3586
4519
3857
177
9507
6915
9542
1324
7116
2369
1713
2926
8600
8613
7010
6843
3701
4497
8939
2606
756
9368
457
1440
1381
4564
7185
2053
5935
7610
8467
2179
9329
6327
2154
5056
6072
7585
3719
5755
7377
9768
2119
5382
4635
9277
1015
3740
1227
7665
4379
3627
2042
2735
2876
1742
4386
7549
6233
8549
7875
9201
6266
2405
517
4430
3296
6037
997
3338
1950
5288
1784
9946
3780
4914
9924
2551
7097
7457
5088
2815
6758
8953
7069
3479
4172
2033
9545
8950
3789
8724
3249
3029
77
3161
8045
1841
7719
3384
6301
2532
7319
6288
2738
1887
9179
6910
9967
9635
5939
8405
731
4107
2716
4863
7395
3046
4350
7496
7847
6752
5953
248
4749
6807
2120
9203
7360
6509
6794
1751
9817
916
4956
6766
3919
6276
770
6056
7903
3199
3590
8536
1244
6169
3907
5055
9554
9540
2391
2865
6844
9951
5973
6236
5678
7742
6199
1746
5430
5889
5007
7867
6126
9543
1130
3545
9954
6344
2111
5807
8978
2355
6527
1717
5329
2217
3304
6103
2922
9363
2449
7884
1875
9865
7012
7545
2426
4378
5464
1374
5914
1917
9270
79
3805
9396
2918
2875
5550
6733
3968
8046
2647
497
9056
4352
458
8367
2353
8673
1809
9353
1377
46
2975
4922
6238
3734
625
8273
7014
2284
7443
9343
7508
951
3910
2421
6198
4052
6664
3385
8418
7809
1163
4302
9539
3669
5463
6757
8934
3178
4481
790
1426
4514
7598
2932
1729
1820
555
3656
8409
7977
3189
4598
5094
9437
508
5041
106
1260
1113
6292
3332
4736
56
149
8949
7593
1417
1764
1256
2663
83
7913
2351
5030
9314
6710
4527
8521
896
7653
1778
1218
5579
2265
9292
1442
9422
2092
1250
841
7203
6654
560
5970
8905
4818
3139
1947
3747
8239
6975
6020
8116
8512
9213
3077
9848
6512
2345
1616
8765
2741
1662
1285
2094
2457
4984
1176
4885
9194
7071
6870
667
8381
6121
7027
1259
6518
5499
7356
7999
4489
2894
5982
8986
6089
8342
796
5991
9773
4835
1645
315
8398
512
9745
3133
1967
322
6786
4710
1978
2933
9387
488
9641
8154
3150
6247
5465
6119
8585
4479
2769
7756
1704
3395
2158
1906
6589
543
4460
8238
6749
4101
6021
605
3644
8186
490
6551
2272
5768
1768
1706
1021
6008
4620
1339
7247
6436
1127
1846
8222
7616
7063
1933
4502
2003
8486
7078
2895
1741
5478
6729
7758
8414
6133
4330
4339
6413
4015
9713
8988
5099
4958
5782
9262
9178
1089
9122
7420
6776
3762
3756
5606
4373
7605
3075
4063
1686
7120
2428
371
4576
4837
5492
5123
7726
1738
4165
9843
2848
9392
4903
5254
683
5281
2681
2849
169
5120
4884
445
5825
8369
3922
4616
7039
8198
4680
2456
7975
3630
5122
1278
4485
6476
4674
1643
1126
1514
5338
8067
8595
4855
3457
3476
4786
8346
9720
2204
3459
3081
2724
1551
8110
7530
5092
3481
1066
4878
4429
545
5985
4646
7865
6534
9113
6024
8550
5405
3127
9757
452
9458
9996
6045
7939
1893
6339
999
7812
4540
6216
1763
7897
6535
920
250
2841
1498
6652
8824
2046
3638
1785
6032
9902
4825
8144
9667
5719
6090
4170
2699
2550
8464
9189
6960
6365
9002
9742
5365
2646
604
4893
7928
7562
9549
1472
5796
6906
980
5779
74
7976
8959
1221
5407
995
4867
2389
590
8518
1078
8976
7644
1370
47
3192
3302
8804
3779
1529
7974
2723
1944
2403
5322
6328
4212
8296
9845
1014
4151
7539
1429
2621
577
9914
3736
2462
8290
9186
1534
1772
640
7418
8461
5246
1282
8049
1341
888
2770
3958
8032
2910
9632
3955
1073
7555
7074
1125
329
6961
336
4108
9912
7926
1699
9116
2527
6662
2666
1202
704
7784
1052
8997
5233
7869
8349
5413
3550
4306
2773
9193
7255
2402
6834
3773
3564
2601
9792
9499
3759
4721
6293
8301
2474
6053
3595
224
5453
5028
9854
7198
7189
9336
4308
7606
8605
1889
4152
8158
4763
8619
666
9174
2584
6523
9589
5505
3649
6460
2949
9486
1585
1692
1098
9931
9508
1056
8161
5959
3589
2900
5363
6854
2765
8338
7371
8395
9069
9322
963
4285
4526
5560
5258
9940
1596
484
5264
8897
211
6634
1455
3918
6840
4941
3125
7503
4688
5234
9347
759
6438
5674
1460
5800
1532
7339
5368
732
8057
8533
592
374
3324
3689
2054
3640
1345
388
2344
1701
2159
1624
9378
8861
6645
9147
4478
5110
1739
3372
8406
8713
9535
5426
9870
7029
5108
8055
5658
2672
6117
4038
6200
8969
8670
786
4795
9024
8050
5017
1146
3999
8808
261
2745
2928
8881
8091
4244
7767
3147
6289
3321
5715
780
3580
5047
1774
6796
5406
358
9484
229
8903
1536
8591
4768
1328
7033
8570
1372
9815
4326
5813
286
886
1009
3675
3742
1665
1292
4188
5638
2180
8396
6070
6728
9217
1257
1506
820
2015
586
495
3434
3016
6044
9528
7532
4899
7988
9749
8287
4744
6038
7156
9046
9753
2891
7335
5556
7383
7264
3824
7638
8707
3678
8272
599
1795
2793
5412
9034
9890
482
3553
811
3169
7183
9282
344
9434
2719
541
7327
9905
2441
7357
5951
1048
746
2901
2347
1270
357
8189
4275
1006
298
3040
8772
3207
8744
165
4982
6824
6696
3806
5714
3651
1548
1594
5559
7691
9598
5530
4770
5093
4931
9665
1562
1234
8313
4268
9671
8543
610
9872
9199
7430
2178
1277
1232
9438
2412
1690
6260
5880
2338
4647
8739
9868
7025
2795
3024
3546
6190
1120
7114
3631
9840
3156
1678
6573
5580
5266
2095
8184
4766
6030
2883
2239
2472
5608
4853
8360
3096
2659
6229
9948
8525
6051
9519
2488
85
1349
9514
1674
2215
4859
460
5806
5509
8870
9943
1115
6136
9248
3775
3442
63
9483
5899
9569
6069
126
4436
2480
9916
692
6877
1961
6120
8261
9936
6173
531
7482
1437
2080
2612
3729
8431
8139
7077
3205
3400
7079
794
4809
3445
3745
8264
5857
3898
3839
5361
3690
1599
5447
9433
3422
6792
3869
2470
9966
6542
2709
1926
7674
7494
6490
6302
903
9051
6850
1972
5733
1834
5744
393
754
4854
5154
5227
8178
9734
4617
8875
9558
9636
2559
3146
8680
3282
4566
4980
1501
1736
8025
3928
3253
1447
647
930
9342
1294
8175
1557
7818
9158
5401
8466
4387
6495
3996
8384
9550
9393
5196
7838
8304
567
2263
6018
8601
8298
6066
9359
4613
603
1057
5332
9032
1081
5008
7181
8278
767
7594
2754
5210
2953
8899
4243
931
3693
5876
5274
430
989
707
2271
711
8694
3312
6377
2483
1016
2149
7154
6951
5350
5601
6253
6150
9261
1581
5423
3356
8105
8400
7439
3632
4939
6957
120
4807
7126
7577
3076
5541
3621
8267
7152
3874
1303
9441
2267
3090
1744
9957
2516
6156
2846
3100
713
9727
8479
368
998
618
6969
8940
5256
2807
8223
9087
5183
6152
1856
2715
8768
16
4053
7349
3959
6628
7098
7589
3190
6805
3940
979
1748
9241
299
5826
1436
8529
1239
8493
6149
5915
8009
2966
893
6895
9662
3705
7275
6856
1122
8265
2127
7407
2408
1189
3074
9634
2038
8565
1573
1733
3516
7178
2929
3681
6272
9129
6261
2268
9214
6076
1413
4337
9748
2341
5564
4905
8620
1076
6714
3053
9534
9047
751
952
772
4780
6638
7819
5593
2613
5351
1660
5182
7003
4200
2299
9323
2071
98
8827
2315
6063
4298
6897
8806
6677
6837
5528
1267
941
1991
4512
3536
7228
8005
1289
4626
7053
4834
4592
4405
6081
879
2499
300
5799
4740
2227
4096
3276
9109
1499
7899
2082
9578
6203
3160
2099
4802
6430
7397
3381
2782
2930
3498
7746
317
722
9953
4043
687
9471
8551
4623
519
4418
9346
6349
8594
6281
9721
6227
4640
6660
9289
477
1050
8077
6921
8370
2800
3523
6663
6316
1543
3899
6277
4927
9401
2776
1375
3635
4160
1747
5742
5380
2199
7367
8556
327
4711
4981
2560
6186
6449
5758
6601
3213
5619
5086
4261
6079
2978
2543
7781
4226
6934
9828
9894
7332
2997
1458
7712
9647
5851
5384
5201
3904
4597
8894
1013
6036
6019
1261
3872
4186
4299
311
164
1817
5309
9440
8281
3241
2108
588
3510
3051
6486
4168
4534
4362
4417
3865
6300
3277
3952
5798
5675
1034
981
565
7398
5602
3598
7498
1593
3829
5085
2726
8253
7825
7309
5393
5083
3270
4070
5639
8037
5913
6963
5121
9271
